4
  01  01  30  09  28  D1
  01  00  00  00  64  3B
  01  00  02  02  02  02
  01  00  03  03  03  03
  01  00  04  04  04  04
  01  00  0B  0D  0F  08
  01  00  0C  0E  10  09
  01  00  11  13  15  0A
  01  00  12  14  16  17
  01  00  19  1B  00  18
  01  00  1A  1C  00  00
  01  01  20  09  10  DB
  01  00  80  00  64  30
  01  00  01  04  07  01
  01  00  04  07  01  04
  01  00  07  01  04  07
  01  01  10  09  B8  6B
  01  00  30  19  14  67
  01  00  00  01  02  03
  01  00  04  05  06  07
  01  00  08  09  0A  0B
  01  00  0C  0D  0E  0F
  01  00  10  11  12  13
  01  00  14  15  16  17
  01  00  18  19  1A  1B
  01  00  1C  1D  1E  1F
  01  00  20  21  22  23
  01  00  24  25  26  27
  01  00  28  29  2A  2B
  01  00  2C  2D  2E  2F
  01  00  30  31  32  33
  01  00  34  35  36  37
  01  00  38  39  3A  3B
  01  00  3C  3D  3E  3F
  01  00  40  41  42  43
  01  00  44  45  46  47
  01  00  48  49  4A  4B
  01  00  4C  4D  4E  4F
  01  00  30  19  06  19
  01  00  00  01  02  03
  01  00  04  05  06  07
  01  00  08  09  0A  0B
  01  00  0C  0D  0E  0F
  01  00  10  11  12  13
  01  00  14  15  16  17
  01  00  30  19  11  7C
  01  00  00  01  02  03
  01  00  04  05  06  07
  01  00  08  09  0A  0B
  01  00  0C  0D  0E  0F
  01  00  10  11  12  13
  01  00  14  15  16  17
  01  00  18  19  1A  1B
  01  00  1C  1D  1E  1F
  01  00  20  21  22  23
  01  00  24  25  26  27
  01  00  28  29  2A  2B
  01  00  2C  2D  2E  2F
  01  00  30  31  32  33
  01  00  34  35  36  37
  01  00  38  39  3A  3B
  01  00  3C  3D  3E  3F
  01  00  40  41  42  43
  01  01  40  09  CC  04
  01  00  B0  19  32  9E
  01  00  00  01  02  03
  01  00  04  05  06  07
  01  00  08  09  0A  0B
  01  00  0C  0D  0E  0F
  01  00  10  11  12  13
  01  00  14  15  16  17
  01  00  18  19  1A  1B
  01  00  1C  1D  1E  1F
  01  00  20  21  22  23
  01  00  24  25  26  27
  01  00  28  29  2A  2B
  01  00  2C  2D  2E  2F
  01  00  30  31  32  33
  01  00  34  35  36  37
  01  00  38  39  3A  3B
  01  00  3C  3D  3E  3F
  01  00  40  41  42  43
  01  00  44  45  46  47
  01  00  48  49  4A  4B
  01  00  4C  4D  4E  4F
  01  00  50  51  52  53
  01  00  54  55  56  57
  01  00  58  59  5A  5B
  01  00  5C  5D  5E  5F
  01  00  60  61  62  63
  01  00  64  65  66  67
  01  00  68  69  6A  6B
  01  00  6C  6D  6E  6F
  01  00  70  71  72  73
  01  00  74  75  76  77
  01  00  78  79  7A  7B
  01  00  7C  7D  7E  7F
  01  00  80  81  82  83
  01  00  84  85  86  87
  01  00  88  89  8A  8B
  01  00  8C  8D  8E  8F
  01  00  90  91  92  93
  01  00  94  95  96  97
  01  00  98  99  9A  9B
  01  00  9C  9D  9E  9F
  01  00  A0  A1  A2  A3
  01  00  A4  A5  A6  A7
  01  00  A8  A9  AA  AB
  01  00  AC  AD  AE  AF
  01  00  B0  B1  B2  B3
  01  00  B4  B5  B6  B7
  01  00  B8  B9  BA  BB
  01  00  BC  BD  BE  BF
  01  00  C0  C1  C2  C3
  01  00  C4  C5  C6  C7
